'0':
  precision: 0.6972318339100346
  recall: 0.7725944860324996
  f1-score: 0.7329811190022519
  support: 10954
'1':
  precision: 0.6808456117873158
  recall: 0.591166981866726
  f1-score: 0.632845063713231
  support: 8989
accuracy: 0.6908188336759765
macro avg:
  precision: 0.6890387228486752
  recall: 0.6818807339496128
  f1-score: 0.6829130913577415
  support: 19943
weighted avg:
  precision: 0.689845996741047
  recall: 0.6908188336759765
  f1-score: 0.6878463348176754
  support: 19943
