'0':
  precision: 0.715438950554995
  recall: 0.7119773598685412
  f1-score: 0.7137039579043697
  support: 10954
'1':
  precision: 0.6510727715107277
  recall: 0.6549115585715874
  f1-score: 0.652986523210027
  support: 8989
accuracy: 0.686255829112972
macro avg:
  precision: 0.6832558610328614
  recall: 0.6834444592200644
  f1-score: 0.6833452405571984
  support: 19943
weighted avg:
  precision: 0.6864268870024242
  recall: 0.686255829112972
  f1-score: 0.6863365096534824
  support: 19943
