'0':
  precision: 0.7300809757072878
  recall: 0.6666970969508855
  f1-score: 0.6969508994608007
  support: 10954
'1':
  precision: 0.6326961770623742
  recall: 0.6996328846367783
  f1-score: 0.6644830683078874
  support: 8989
accuracy: 0.6815423958281102
macro avg:
  precision: 0.6813885763848311
  recall: 0.683164990793832
  f1-score: 0.6807169838843441
  support: 19943
weighted avg:
  precision: 0.6861862780680597
  recall: 0.6815423958281102
  f1-score: 0.6823165247812871
  support: 19943
