'0':
  precision: 0.6500645786244753
  recall: 0.7351652364433083
  f1-score: 0.6900008568246079
  support: 10954
'1':
  precision: 0.6160158835208471
  recall: 0.5177439092223829
  f1-score: 0.5626208897485493
  support: 8989
accuracy: 0.6371659228802086
macro avg:
  precision: 0.6330402310726613
  recall: 0.6264545728328457
  f1-score: 0.6263108732865785
  support: 19943
weighted avg:
  precision: 0.6347176538746125
  recall: 0.6371659228802086
  f1-score: 0.6325862991328519
  support: 19943
