'0':
  precision: 0.6467889908256881
  recall: 0.7465765930253788
  f1-score: 0.6931095855580982
  support: 10954
'1':
  precision: 0.6196739279353336
  recall: 0.5031705417732785
  f1-score: 0.5553781925343811
  support: 8989
accuracy: 0.636865065436494
macro avg:
  precision: 0.6332314593805108
  recall: 0.6248735673993286
  f1-score: 0.6242438890462396
  support: 19943
weighted avg:
  precision: 0.6345672939735898
  recall: 0.636865065436494
  f1-score: 0.6310292820987294
  support: 19943
