'0':
  precision: 0.6557166137747663
  recall: 0.6979185685594304
  f1-score: 0.6761597311281121
  support: 10954
'1':
  precision: 0.6005552873008209
  recall: 0.553454221826677
  f1-score: 0.5760435361546924
  support: 8989
accuracy: 0.632803489946347
macro avg:
  precision: 0.6281359505377936
  recall: 0.6256863951930537
  f1-score: 0.6261016336414023
  support: 19943
weighted avg:
  precision: 0.6308534957045514
  recall: 0.632803489946347
  f1-score: 0.6310338986748167
  support: 19943
