'0':
  precision: 0.6612903225806451
  recall: 0.707412817235713
  f1-score: 0.683574453069866
  support: 10954
'1':
  precision: 0.6103343465045593
  recall: 0.5584603404160641
  f1-score: 0.5832461949575927
  support: 8989
accuracy: 0.640274783131926
macro avg:
  precision: 0.6358123345426022
  recall: 0.6329365788258885
  f1-score: 0.6334103240137293
  support: 19943
weighted avg:
  precision: 0.6383227014129204
  recall: 0.640274783131926
  f1-score: 0.6383530364238637
  support: 19943
