'0':
  precision: 0.6917485752044272
  recall: 0.7645608909987219
  f1-score: 0.7263345041411909
  support: 10954
'1':
  precision: 0.670877998979071
  recall: 0.5848258983201691
  f1-score: 0.6249034175334324
  support: 8989
accuracy: 0.6835481121195407
macro avg:
  precision: 0.6813132870917491
  recall: 0.6746933946594456
  f1-score: 0.6756189608373117
  support: 19943
weighted avg:
  precision: 0.6823414845114659
  recall: 0.6835481121195407
  f1-score: 0.6806160045414746
  support: 19943
