'0':
  precision: 0.695557782231129
  recall: 0.7604528026291766
  f1-score: 0.7265590928914087
  support: 10954
'1':
  precision: 0.6706413957574997
  recall: 0.5943931471798866
  f1-score: 0.6302193913658882
  support: 8989
accuracy: 0.685603971318257
macro avg:
  precision: 0.6830995889943143
  recall: 0.6774229749045315
  f1-score: 0.6783892421286485
  support: 19943
weighted avg:
  precision: 0.6843271049001631
  recall: 0.685603971318257
  f1-score: 0.6831354566775542
  support: 19943
