'0':
  precision: 0.6975504941985389
  recall: 0.7409165601606719
  f1-score: 0.7185798397450087
  support: 10954
'1':
  precision: 0.6584015406836784
  recall: 0.6085215263099344
  f1-score: 0.6324796207434815
  support: 8989
accuracy: 0.6812415383843955
macro avg:
  precision: 0.6779760174411087
  recall: 0.6747190432353032
  f1-score: 0.6755297302442451
  support: 19943
weighted avg:
  precision: 0.6799047065464764
  recall: 0.6812415383843955
  f1-score: 0.679771492525196
  support: 19943
