'0':
  precision: 0.6971133496994836
  recall: 0.751780171626803
  f1-score: 0.7234154697588614
  support: 10954
'1':
  precision: 0.6655596555965559
  recall: 0.6019579486038491
  f1-score: 0.6321630936386471
  support: 8989
accuracy: 0.6842501128215414
macro avg:
  precision: 0.6813365026480198
  recall: 0.676869060115326
  f1-score: 0.6777892816987543
  support: 19943
weighted avg:
  precision: 0.6828910082116825
  recall: 0.6842501128215414
  f1-score: 0.6822848670940362
  support: 19943
