'0':
  precision: 0.6412103746397695
  recall: 0.7718641592112471
  f1-score: 0.7004971002485502
  support: 10954
'1':
  precision: 0.6301613141926891
  recall: 0.47369006563577704
  f1-score: 0.540835767814048
  support: 8989
accuracy: 0.6374667803239232
macro avg:
  precision: 0.6356858444162292
  recall: 0.6227771124235121
  f1-score: 0.6206664340312991
  support: 19943
weighted avg:
  precision: 0.6362301808695842
  recall: 0.6374667803239232
  f1-score: 0.6285322144613696
  support: 19943
