'0':
  precision: 0.6418486227914513
  recall: 0.7594486032499543
  f1-score: 0.6957139870374242
  support: 10954
'1':
  precision: 0.6226009739329705
  recall: 0.48359105573478695
  f1-score: 0.5443616555005949
  support: 8989
accuracy: 0.6351100636814923
macro avg:
  precision: 0.6322247983622109
  recall: 0.6215198294923706
  f1-score: 0.6200378212690095
  support: 19943
weighted avg:
  precision: 0.6331730416056275
  recall: 0.6351100636814923
  f1-score: 0.6274942553930096
  support: 19943
