'0':
  precision: 0.7077346106084796
  recall: 0.7284097133467227
  f1-score: 0.7179233399316177
  support: 10954
'1':
  precision: 0.6568231629945784
  recall: 0.6334408721771053
  f1-score: 0.6449201495073054
  support: 8989
accuracy: 0.685603971318257
macro avg:
  precision: 0.682278886801529
  recall: 0.680925292761914
  f1-score: 0.6814217447194615
  support: 19943
weighted avg:
  precision: 0.6847870599590609
  recall: 0.685603971318257
  f1-score: 0.6850182765648152
  support: 19943
