'0':
  precision: 0.7166993372538037
  recall: 0.700931166697097
  f1-score: 0.7087275580375687
  support: 10954
'1':
  precision: 0.6450704225352113
  recall: 0.6623651129157859
  f1-score: 0.6536033810856798
  support: 8989
accuracy: 0.6835481121195407
macro avg:
  precision: 0.6808848798945075
  recall: 0.6816481398064415
  f1-score: 0.6811654695616243
  support: 19943
weighted avg:
  precision: 0.6844137074887018
  recall: 0.6835481121195407
  f1-score: 0.6838811845420801
  support: 19943
