'0':
  precision: 0.6973561166369123
  recall: 0.7488588643417929
  f1-score: 0.7221904300743935
  support: 10954
'1':
  precision: 0.6636919315403423
  recall: 0.6039603960396039
  f1-score: 0.6324188945191915
  support: 8989
accuracy: 0.6835481121195407
macro avg:
  precision: 0.6805240240886273
  recall: 0.6764096301906984
  f1-score: 0.6773046622967925
  support: 19943
weighted avg:
  precision: 0.6821825038488128
  recall: 0.6835481121195407
  f1-score: 0.6817272934798134
  support: 19943
