'0':
  precision: 0.693713146748609
  recall: 0.7625524922402775
  f1-score: 0.7265057621222005
  support: 10954
'1':
  precision: 0.6708428246013668
  recall: 0.5897207698297919
  f1-score: 0.6276715410573678
  support: 8989
accuracy: 0.6846512560798275
macro avg:
  precision: 0.6822779856749879
  recall: 0.6761366310350347
  f1-score: 0.6770886515897842
  support: 19943
weighted avg:
  precision: 0.6834047013902597
  recall: 0.6846512560798275
  f1-score: 0.6819577596575873
  support: 19943
