'0':
  precision: 0.7240640715216986
  recall: 0.7097863794047836
  f1-score: 0.7168541397750323
  support: 10954
'1':
  precision: 0.6546442151004889
  recall: 0.6703749026588052
  f1-score: 0.6624161811586238
  support: 8989
accuracy: 0.6920222634508348
macro avg:
  precision: 0.6893541433110937
  recall: 0.6900806410317943
  f1-score: 0.689635160466828
  support: 19943
weighted avg:
  precision: 0.6927741407504879
  recall: 0.6920222634508348
  f1-score: 0.6923170686221017
  support: 19943
