'0':
  precision: 0.7304923136797042
  recall: 0.6854117217454812
  f1-score: 0.7072343632253203
  support: 10954
'1':
  precision: 0.6434557682359028
  recall: 0.6918455890532873
  f1-score: 0.6667738822772595
  support: 8989
accuracy: 0.6883116883116883
macro avg:
  precision: 0.6869740409578036
  recall: 0.6886286553993842
  f1-score: 0.68700412275129
  support: 19943
weighted avg:
  precision: 0.6912619317414638
  recall: 0.6883116883116883
  f1-score: 0.68899742478867
  support: 19943
