'0':
  precision: 0.7260206591244466
  recall: 0.6737264926054409
  f1-score: 0.6988967280647758
  support: 10954
'1':
  precision: 0.6344855798731847
  recall: 0.690176882856825
  f1-score: 0.6611605477700218
  support: 8989
accuracy: 0.681141252569824
macro avg:
  precision: 0.6802531194988156
  recall: 0.6819516877311329
  f1-score: 0.6800286379173988
  support: 19943
weighted avg:
  precision: 0.6847626323787417
  recall: 0.681141252569824
  f1-score: 0.6818877261759153
  support: 19943
