'0':
  precision: 0.7060845651426607
  recall: 0.7500456454263282
  f1-score: 0.7274015050907482
  support: 10954
'1':
  precision: 0.6703984591308535
  recall: 0.6195349872065858
  f1-score: 0.643963922294172
  support: 8989
accuracy: 0.6912199769342626
macro avg:
  precision: 0.6882415121367571
  recall: 0.684790316316457
  f1-score: 0.6856827136924601
  support: 19943
weighted avg:
  precision: 0.6899996026525571
  recall: 0.6912199769342626
  f1-score: 0.6897933001186566
  support: 19943
