'0':
  precision: 0.680016099818877
  recall: 0.6169435822530582
  f1-score: 0.6469461995022018
  support: 10954
'1':
  precision: 0.5806096951524238
  recall: 0.6462342863499834
  f1-score: 0.6116668421606825
  support: 8989
accuracy: 0.6301459158602015
macro avg:
  precision: 0.6303128974856504
  recall: 0.6315889343015209
  f1-score: 0.6293065208314421
  support: 19943
weighted avg:
  precision: 0.6352101944111275
  recall: 0.6301459158602015
  f1-score: 0.6310445727086944
  support: 19943
