'0':
  precision: 0.6647620748147487
  recall: 0.6797516888807742
  f1-score: 0.6721733243060257
  support: 10954
'1':
  precision: 0.598718828643331
  recall: 0.5822672154855935
  f1-score: 0.5903784332524956
  support: 8989
accuracy: 0.6358120643834929
macro avg:
  precision: 0.6317404517290399
  recall: 0.6310094521831838
  f1-score: 0.6312758787792607
  support: 19943
weighted avg:
  precision: 0.6349940990921957
  recall: 0.6358120643834929
  f1-score: 0.6353055373291325
  support: 19943
